
0.001331
0.004299
0.001938
0.005283
0.003517
0.004128
0.004879
0.000000
0.005451
0.006264
0.000000
0.006699
0.000000
0.007042
0.000000
0.007774
0.000000
0.007881
0.000000
0.007656
0.000000
0.007938
0.000000
0.007832
0.000000
0.007778
0.000000
0.007511
0.000000
0.007042
0.006641
0.000000
0.006382
0.005909
0.000000
0.005638
0.004917
0.004765
0.000000
0.004551
0.007572
0.003616
0.003471
0.003311
0.002998
0.005997
0.002960
0.003235
0.003098
0.006184
0.003357
0.003445
0.003242
0.003395
0.003578
0.007061
0.003525
0.003231
0.003628
0.003567
0.003681
0.003792
0.003872
0.004089
0.004227
0.004288
0.004669
0.004555
0.000000
0.005135
0.005390
0.000000
0.005939
0.006210
0.000000
0.006832
0.000000
0.007069
0.000000
0.008030
0.000000
0.007362
0.000000
0.007244
0.007404
0.000000
0.007019
0.000000
0.006725
0.000000
0.006626
0.006058
0.000000
0.005714
0.005592
0.005096
0.000000
0.005222
0.005299
0.005199
0.000000
0.005501
0.005268
0.005096
0.000000
0.005375
0.005585
0.000000
0.005890
0.005787
0.000000
0.006203
0.000000
0.006824
0.006828
0.000000
0.007164
0.000000
0.007862
0.000000
0.007999
0.000000
0.008816
0.000000
0.000000
0.008774
0.000000
0.009098
0.000000
0.009472
0.000000
0.000000
0.009117
0.000000
0.008629
0.000000
0.008526
0.000000
0.008072
0.000000
0.007603
0.000000
0.007088
0.000000
0.007359
0.000000
0.007206
0.000000
0.007782
0.000000
0.008118
0.000000
0.008659
0.000000
0.008659
0.000000
0.008930
0.000000
0.000000
0.009281
0.000000
0.009407
0.000000
0.009190
0.000000
0.000000
0.008446
0.000000
0.008926
0.000000
0.008717
0.000000
0.008400
0.000000
0.000000
0.008827
0.000000
0.008877
0.000000
0.009056
0.000000
0.000000
0.009960
0.000000
0.010387
0.000000
0.000000
0.010262
0.000000
0.010197
0.000000
0.000000
0.009510
0.000000
0.009121
0.000000
0.008720
0.000000
0.007866
0.000000
0.007042
0.000000
0.006748
0.000000
0.006210
0.005547
0.005352
0.000000
0.005226
0.004757
0.004581
0.004734
0.004345
0.000000
0.004528
0.005150
0.004738
0.004673
0.004517
0.000000
0.004539
0.004715
0.004227
0.003624
0.006634
0.003014
0.004986
0.002361
0.005081
0.002468
0.005302
0.003109
0.003147
0.003479
0.003532
0.003876
0.006699
0.003403
0.003143
0.003216
0.003471
0.006546
0.003452
0.003765
0.003613
0.004070
0.004211
0.003937
0.003571
0.003998
0.003582
0.003105
0.004772
0.004807
0.003704